{
    "Ring": {
        "0.0": {
            "12d": [
                -0.7498074227648392,
                -0.690566247302346,
                0,
                0,
                0,
                0,
                0,
                0,
                -1.1229209860557285,
                -0.06936066097097685,
                -0.02043078970718698,
                -0.5215685497545737
            ],
            "6d": [
                1000,
                1000,
                1000,
                472.0,
                523.0,
                87.0
            ],
            "translation": [
                0.1433756974842365,
                -0.06700703404456992,
                -0.02145275850361318
            ],
            "rotation": [
                [
                    0.029067173507875143,
                    -0.8726032185556032,
                    -0.48756407003661584
                ],
                [
                    -0.9420747176367342,
                    0.1391379036898689,
                    -0.3051817002155533
                ],
                [
                    0.3341411764717581,
                    0.46819255304115087,
                    -0.8180130851415972
                ]
            ]
        },
        "0.1": {
            "12d": [
                -0.7186506266502185,
                -0.6603685969513466,
                0,
                0,
                0,
                0,
                0,
                0,
                -1.1229209860557285,
                -0.0764427808772618,
                -0.01307924282756559,
                -0.5135420972780009
            ],
            "6d": [
                1000,
                1000,
                1000,
                495.0,
                540.0,
                87.0
            ],
            "translation": [
                0.14486406308952868,
                -0.0674308662297611,
                -0.02149473982503747
            ],
            "rotation": [
                [
                    0.20220309145193466,
                    -0.9684743846511523,
                    -0.14550352601175542
                ],
                [
                    -0.9766991119729709,
                    -0.1885080068833946,
                    -0.10258448231608432
                ],
                [
                    0.07192186370284447,
                    0.1628560641039259,
                    -0.9840249732126148
                ]
            ]
        },
        "0.2": {
            "12d": [
                -0.7119957259536173,
                -0.6538480123423109,
                0,
                0,
                0,
                0,
                0,
                0,
                -1.1229209860557285,
                -0.0764427808772618,
                -0.01307924282756559,
                -0.5135420972780009
            ],
            "6d": [
                1000,
                1000,
                1000,
                500.0,
                540.0,
                87.0
            ],
            "translation": [
                0.14522647341836042,
                -0.06738804226724754,
                -0.021494739825080083
            ],
            "rotation": [
                [
                    0.1922929273963348,
                    -0.9727041305406161,
                    -0.12988496642249103
                ],
                [
                    -0.9789865281006795,
                    -0.18098834992825444,
                    -0.09396060338049018
                ],
                [
                    0.06788820126299806,
                    0.14522359181438765,
                    -0.987067019259484
                ]
            ]
        },
        "0.3": {
            "12d": [
                -0.7053477223085253,
                -0.6473090065508253,
                0,
                0,
                0,
                0,
                0,
                0,
                -1.1229209860557285,
                -0.07862695723724236,
                -0.010815604850635901,
                -0.5110439312806783
            ],
            "6d": [
                1000,
                1000,
                1000,
                505.0,
                545.0,
                87.0
            ],
            "translation": [
                0.14552485585110797,
                -0.0675163435969492,
                -0.02150773758347401
            ],
            "rotation": [
                [
                    0.22595149659772168,
                    -0.9680237528765429,
                    -0.10897676381717236
                ],
                [
                    -0.9726180906218004,
                    -0.2179347803715565,
                    -0.08073711228180402
                ],
                [
                    0.05440561533934839,
                    0.12423544329705294,
                    -0.9907601039849817
                ]
            ]
        },
        "0.4": {
            "12d": [
                -0.6987063025021979,
                -0.6407511693987835,
                0,
                0,
                0,
                0,
                0,
                0,
                -1.1229209860557285,
                -0.0808135677497967,
                -0.008551966873705824,
                -0.508532298081214
            ],
            "6d": [
                1000,
                1000,
                1000,
                510.0,
                550.0,
                87.0
            ],
            "translation": [
                0.14582228675348952,
                -0.06764054245852148,
                -0.021520772415555292
            ],
            "rotation": [
                [
                    0.25337232584243036,
                    -0.962901706959719,
                    -0.09285885650414105
                ],
                [
                    -0.9663292411346277,
                    -0.24748223570840835,
                    -0.07042968647482772
                ],
                [
                    0.04483594791427834,
                    0.10757716180875672,
                    -0.9931852254397469
                ]
            ]
        },
        "0.5": {
            "12d": [
                -0.6847057570640249,
                -0.6268431649296266,
                0,
                0,
                0,
                0,
                0,
                0,
                -1.1229209860557285,
                -0.08492012808558438,
                -0.004306986098787241,
                -0.5037873538598843
            ],
            "6d": [
                1000,
                1000,
                1000,
                520.0,
                560.0,
                87.0
            ],
            "translation": [
                0.14646282607467997,
                -0.06784776515094962,
                -0.021545312141194144
            ],
            "rotation": [
                [
                    0.2912578779373065,
                    -0.9541006346690478,
                    -0.06971963470628895
                ],
                [
                    -0.9560781629208359,
                    -0.2878038271962338,
                    -0.055529302508850464
                ],
                [
                    0.03291496506723057,
                    0.08283076708156645,
                    -0.9960199140073969
                ]
            ]
        },
        "0.6": {
            "12d": [
                -0.6780828513630134,
                -0.6202241107880104,
                0,
                0,
                0,
                0,
                0,
                0,
                -1.1229209860557285,
                -0.08711390518460385,
                -0.0020420289855069274,
                -0.5012353190539935
            ],
            "6d": [
                1000,
                1000,
                1000,
                525.0,
                565.0,
                87.0
            ],
            "translation": [
                0.14675727949702544,
                -0.06795913214418899,
                -0.02155845550318438
            ],
            "rotation": [
                [
                    0.30839016978127287,
                    -0.9492899932989651,
                    -0.06118833062543795
                ],
                [
                    -0.9508297640424126,
                    -0.3056780817367657,
                    -0.049836434029547086
                ],
                [
                    0.028605296595694125,
                    0.0735487523223997,
                    -0.9968812958614935
                ]
            ]
        },
        "0.7": {
            "12d": [
                -0.6714652739254241,
                -0.6135845226281496,
                0,
                0,
                0,
                0,
                0,
                0,
                -1.1229209860557285,
                -0.08931023454044287,
                0.00022292812777299775,
                -0.4986698170459617
            ],
            "6d": [
                1000,
                1000,
                1000,
                530.0,
                570.0,
                87.0
            ],
            "translation": [
                0.14705063625222176,
                -0.06806632479758176,
                -0.021571635768303142
            ],
            "rotation": [
                [
                    0.3234050223316308,
                    -0.9447168051657244,
                    -0.054031005618473404
                ],
                [
                    -0.9459266092298476,
                    -0.32124637962816055,
                    -0.04498459210355632
                ],
                [
                    0.025140435191151465,
                    0.06565760895179146,
                    -0.9975254567704691
                ]
            ]
        },
        "0.8": {
            "12d": [
                -0.6648527264049936,
                -0.606923973529974,
                0,
                0,
                0,
                0,
                0,
                0,
                -1.1229209860557285,
                -0.09123414092079202,
                0.002205590062112156,
                -0.49641406068719307
            ],
            "6d": [
                1000,
                1000,
                1000,
                535.0,
                575.0,
                87.0
            ],
            "translation": [
                0.147351611731042,
                -0.06814739600092772,
                -0.021583198753791936
            ],
            "rotation": [
                [
                    0.33424613242345147,
                    -0.941246983442161,
                    -0.04830775425329504
                ],
                [
                    -0.9422139645318359,
                    -0.3324795014014511,
                    -0.041112360538443915
                ],
                [
                    0.022635547291037512,
                    0.05925788815739994,
                    -0.9979860393261822
                ]
            ]
        },
        "0.9": {
            "12d": [
                -0.6582449129426762,
                -0.6002420382476108,
                0,
                0,
                0,
                0,
                0,
                0,
                -1.1229209860557285,
                -0.09343534019427474,
                0.004471866311742317,
                -0.4938238688085676
            ],
            "6d": [
                1000,
                1000,
                1000,
                540.0,
                580.0,
                87.0
            ],
            "translation": [
                0.14764276196717277,
                -0.06824620898685073,
                -0.02159644772243236
            ],
            "rotation": [
                [
                    0.3464300983998292,
                    -0.9370878081316182,
                    -0.043042151128446234
                ],
                [
                    -0.9378580228322936,
                    -0.344996297411965,
                    -0.03741502079561477
                ],
                [
                    0.020211777056601404,
                    0.053329116091630296,
                    -0.998372420214571
                ]
            ]
        },
        "1.0": {
            "12d": [
                -0.65090809337063,
                -0.5927920570182451,
                0,
                0,
                0,
                0,
                0,
                0,
                -1.1229209860557285,
                -0.0956391823903322,
                0.006738142561372479,
                -0.49121796519411
            ],
            "6d": [
                1000,
                1000,
                1000,
                545.0,
                585.0,
                87.0
            ],
            "translation": [
                0.14797284791219414,
                -0.06833155736439506,
                -0.02160973399690016
            ],
            "rotation": [
                [
                    0.3567836018817307,
                    -0.9334033234521855,
                    -0.038258295789459495
                ],
                [
                    -0.9340103018787864,
                    -0.35562019591450855,
                    -0.03404456259117339
                ],
                [
                    0.01817188522407463,
                    0.047880184065448035,
                    -0.9986877743125036
                ]
            ]
        },
        "1.1": {
            "12d": [
                -0.6443093128909914,
                -0.5860635522901824,
                0,
                0,
                0,
                0,
                0,
                0,
                -1.1229209860557285,
                -0.09784569968100021,
                0.009005737947352876,
                -0.4885985943775101
            ],
            "6d": [
                1000,
                1000,
                1000,
                550.0,
                590.0,
                87.0
            ],
            "translation": [
                0.14826148760883587,
                -0.06842149341700716,
                -0.021623058260813958
            ],
            "rotation": [
                [
                    0.366931743941239,
                    -0.9296152195420043,
                    -0.03430217025366944
                ],
                [
                    -0.9301032658645898,
                    -0.365975057813657,
                    -0.03114758235104043
                ],
                [
                    0.016401527863744575,
                    0.043333597290801364,
                    -0.9989260178960068
                ]
            ]
        },
        "1.2": {
            "12d": [
                -0.6377143605193257,
                -0.5793123036046914,
                0,
                0,
                0,
                0,
                0,
                0,
                -1.1229209860557285,
                -0.1000549245764879,
                0.011273333333333635,
                -0.48596575635876843
            ],
            "6d": [
                1000,
                1000,
                1000,
                555.0,
                595.0,
                87.0
            ],
            "translation": [
                0.1485488359765528,
                -0.06850716544911922,
                -0.02163641882184688
            ],
            "rotation": [
                [
                    0.37628587700130456,
                    -0.9259908824200823,
                    -0.030819221992725028
                ],
                [
                    -0.9263844920261224,
                    -0.3754959050360275,
                    -0.028541167367117655
                ],
                [
                    0.014856369100911957,
                    0.039290087503747746,
                    -0.9991173991684287
                ]
            ]
        },
        "1.3": {
            "12d": [
                -0.6333197105379862,
                -0.5747986183423112,
                0,
                0,
                0,
                0,
                0,
                0,
                -1.1229209860557285,
                -0.10116056262947073,
                0.012407790594498758,
                -0.48464372601517197
            ],
            "6d": [
                1000,
                1000,
                1000,
                558.0,
                598.0,
                87.0
            ],
            "translation": [
                0.14875206944988764,
                -0.06853261916957043,
                -0.02164311281363456
            ],
            "rotation": [
                [
                    0.37985569134828984,
                    -0.9245908035976713,
                    -0.02900861342646
                ],
                [
                    -0.9249370554135778,
                    -0.3791435239261265,
                    -0.027232917356357914
                ],
                [
                    0.01418087702410545,
                    0.03717572013413119,
                    -0.9992081207432894
                ]
            ]
        },
        "1.4": {
            "12d": [
                -0.6296586434048386,
                -0.5710292456194612,
                0,
                0,
                0,
                0,
                0,
                0,
                -1.1229209860557285,
                -0.10254357993922986,
                0.013825862170955605,
                -0.48298501561802765
            ],
            "6d": [
                1000,
                1000,
                1000,
                561.0,
                601.0,
                87.0
            ],
            "translation": [
                0.14890549664739736,
                -0.06858903350759099,
                -0.021651496732462805
            ],
            "rotation": [
                [
                    0.3855405530053124,
                    -0.9222882951498532,
                    -0.02725403856191244
                ],
                [
                    -0.9225943462028247,
                    -0.38490472312037255,
                    -0.02584620812058236
                ],
                [
                    0.013347447057035083,
                    0.03510918326031374,
                    -0.9992943464804818
                ]
            ]
        },
        "1.5": {
            "12d": [
                -0.6245347940462552,
                -0.5657397997132928,
                0,
                0,
                0,
                0,
                0,
                0,
                -1.1229209860557285,
                -0.1042046337451806,
                0.015527548062703511,
                -0.4809896251673361
            ],
            "6d": [
                1000,
                1000,
                1000,
                565.0,
                605.0,
                87.0
            ],
            "translation": [
                0.14912893002682526,
                -0.06864377040588449,
                -0.021661570385375375
            ],
            "rotation": [
                [
                    0.3915214165540093,
                    -0.9198245272132256,
                    -0.025175772411341057
                ],
                [
                    -0.9200849254570154,
                    -0.3909692573604314,
                    -0.024223330608973415
                ],
                [
                    0.012438260581791177,
                    0.03264780139609303,
                    -0.9993895190253401
                ]
            ]
        },
        "1.6": {
            "12d": [
                -0.6201443594312169,
                -0.5611943984752388,
                0,
                0,
                0,
                0,
                0,
                0,
                -1.1229209860557285,
                -0.10559004905954689,
                0.016945619639160026,
                -0.4793196921017404
            ],
            "6d": [
                1000,
                1000,
                1000,
                568.0,
                608.0,
                87.0
            ],
            "translation": [
                0.1493211533505961,
                -0.06868547457154456,
                -0.021669984599329
            ],
            "rotation": [
                [
                    0.39621954127528686,
                    -0.9178535795525388,
                    -0.023555925245927204
                ],
                [
                    -0.9180807911318992,
                    -0.3957288243943921,
                    -0.022942504180227256
                ],
                [
                    0.011736100980627304,
                    0.030716510967620642,
                    -0.9994592337297948
                ]
            ]
        },
        "1.7": {
            "12d": [
                -0.616486612813274,
                -0.5573982871624675,
                0,
                0,
                0,
                0,
                0,
                0,
                -1.1229209860557285,
                -0.10669917519849365,
                0.018081396036675745,
                -0.4779774609549311
            ],
            "6d": [
                1000,
                1000,
                1000,
                571.0,
                611.0,
                87.0
            ],
            "translation": [
                0.14948248041212137,
                -0.06871516003923878,
                -0.02167672771649962
            ],
            "rotation": [
                [
                    0.39977339098309694,
                    -0.9163422322427711,
                    -0.022319257832902343
                ],
                [
                    -0.9165454818383845,
                    -0.39932724780119316,
                    -0.021957433483170145
                ],
                [
                    0.011207835808912242,
                    0.029234612565585013,
                    -0.9995097407452418
                ]
            ]
        },
        "1.8": {
            "12d": [
                -0.6245347940462552,
                -0.5657397997132928,
                0,
                0,
                0,
                0,
                0,
                0,
                -1.1229209860557285,
                -0.11727190931751327,
                0.02887193138124816,
                -0.4650646586345384
            ],
            "6d": [
                1000,
                1000,
                1000,
                565.0,
                635.0,
                87.0
            ],
            "translation": [
                0.14866564960780848,
                -0.06967764974492491,
                -0.02174122625648318
            ],
            "rotation": [
                [
                    0.45761621036895833,
                    -0.8889849787901896,
                    -0.017120499202989418
                ],
                [
                    -0.8891285111350269,
                    -0.4573870982914187,
                    -0.01573318160341897
                ],
                [
                    0.006155866662261726,
                    0.022422082908645957,
                    -0.9997296412048982
                ]
            ]
        },
        "1.9": {
            "12d": [
                -0.6172180956996255,
                -0.5581581161537794,
                0,
                0,
                0,
                0,
                0,
                0,
                -1.1229209860557285,
                -0.1192268066805783,
                0.03086250813368835,
                -0.4626472958500667
            ],
            "6d": [
                1000,
                1000,
                1000,
                570.0,
                640.0,
                87.0
            ],
            "translation": [
                0.1489932169260644,
                -0.06971693671138209,
                -0.021753202786979224
            ],
            "rotation": [
                [
                    0.45946639112139825,
                    -0.8880621526407133,
                    -0.015370376606348431
                ],
                [
                    -0.888177007934535,
                    -0.45927757658957985,
                    -0.014342601523417705
                ],
                [
                    0.005677852264321383,
                    0.02024155846631039,
                    -0.9997789962309268
                ]
            ]
        },
        "2.0": {
            "12d": [
                -0.6106358855474442,
                -0.5513086507393572,
                0,
                0,
                0,
                0,
                0,
                0,
                -1.1229209860557285,
                -0.12146382567003366,
                0.03313669920141993,
                -0.45987305220883545
            ],
            "6d": [
                1000,
                1000,
                1000,
                575.0,
                645.0,
                87.0
            ],
            "translation": [
                0.14926908329709807,
                -0.06978507660774405,
                -0.02176691895047521
            ],
            "rotation": [
                [
                    0.46319310892327004,
                    -0.8861511840740212,
                    -0.013719431847060148
                ],
                [
                    -0.8862427143760323,
                    -0.4630408869595821,
                    -0.012922392158031815
                ],
                [
                    0.005098535220864482,
                    0.01814430951824036,
                    -0.9998223787106927
                ]
            ]
        },
        "2.1": {
            "12d": [
                -0.6040560548777771,
                -0.5444341209313639,
                0,
                0,
                0,
                0,
                0,
                0,
                -1.1229209860557285,
                -0.12370392027979266,
                0.03541220940550138,
                -0.4570830968317716
            ],
            "6d": [
                1000,
                1000,
                1000,
                580.0,
                650.0,
                87.0
            ],
            "translation": [
                0.1495433942940061,
                -0.06984887998591718,
                -0.02178067299317469
            ],
            "rotation": [
                [
                    0.46685522774389626,
                    -0.8842492741183409,
                    -0.012223647139119054
                ],
                [
                    -0.8843220790266478,
                    -0.4667334221804243,
                    -0.011591944001641541
                ],
                [
                    0.004544983408304724,
                    0.01622140070823446,
                    -0.9998580945738655
                ]
            ]
        },
        "2.2": {
            "12d": [
                -0.5974783249400447,
                -0.5375340546064292,
                0,
                0,
                0,
                0,
                0,
                0,
                -1.1229209860557285,
                -0.12594712744615622,
                0.037689038745933434,
                -0.4542774297188755
            ],
            "6d": [
                1000,
                1000,
                1000,
                585.0,
                655.0,
                87.0
            ],
            "translation": [
                0.14981612101710384,
                -0.0699083303319538,
                -0.021794465462628157
            ],
            "rotation": [
                [
                    0.4704590943651189,
                    -0.8823549122348403,
                    -0.010865053345431308
                ],
                [
                    -0.8824126764668407,
                    -0.4703625619784967,
                    -0.01034063342605751
                ],
                [
                    0.0040135943715112485,
                    0.014452305839281436,
                    -0.9998875046304703
                ]
            ]
        },
        "2.3": {
            "12d": [
                -0.5909024182476168,
                -0.5306079746185927,
                0,
                0,
                0,
                0,
                0,
                0,
                -1.1229209860557285,
                -0.1279125163481018,
                0.0396809346347235,
                -0.45181068719321715
            ],
            "6d": [
                1000,
                1000,
                1000,
                590.0,
                660.0,
                87.0
            ],
            "translation": [
                0.15009807934966563,
                -0.06994134575879646,
                -0.02180655999707607
            ],
            "rotation": [
                [
                    0.47305735610237554,
                    -0.8809778446269537,
                    -0.009735251094749042
                ],
                [
                    -0.8810243647387497,
                    -0.47297969029106784,
                    -0.009288773269271466
                ],
                [
                    0.00357862740629128,
                    0.012971115935518833,
                    -0.9999094676905876
                ]
            ]
        },
        "2.4": {
            "12d": [
                -0.583597657569779,
                -0.5228812336646393,
                0,
                0,
                0,
                0,
                0,
                0,
                -1.1229209860557285,
                -0.130161660607781,
                0.04195908311150576,
                -0.4489780856760377
            ],
            "6d": [
                1000,
                1000,
                1000,
                595.0,
                665.0,
                87.0
            ],
            "translation": [
                0.1504072509308829,
                -0.06997776448847723,
                -0.021820419129516468
            ],
            "rotation": [
                [
                    0.4761971358653648,
                    -0.8792967966266401,
                    -0.008569202748964779
                ],
                [
                    -0.8793331233190995,
                    -0.4761373442530349,
                    -0.008153995434359575
                ],
                [
                    0.0030896646258829477,
                    0.011418093089303213,
                    -0.999930038114019
                ]
            ]
        },
        "2.5": {
            "12d": [
                -0.5770246937601848,
                -0.5158986462015638,
                0,
                0,
                0,
                0,
                0,
                0,
                -1.1229209860557285,
                -0.1324140260263708,
                0.04423855072463795,
                -0.44612752788933513
            ],
            "6d": [
                1000,
                1000,
                1000,
                600.0,
                670.0,
                87.0
            ],
            "translation": [
                0.1506749918208805,
                -0.07002349820215929,
                -0.021834317728277916
            ],
            "rotation": [
                [
                    0.4797361730936247,
                    -0.8773804103030558,
                    -0.007537893732699752
                ],
                [
                    -0.8774089278868101,
                    -0.47969086701975655,
                    -0.0070883963174028786
                ],
                [
                    0.0026033612892123483,
                    0.010014375381214864,
                    -0.9999464659649145
                ]
            ]
        },
        "2.6": {
            "12d": [
                -0.5704526968047531,
                -0.5088885215569069,
                0,
                0,
                0,
                0,
                0,
                0,
                -1.1229209860557285,
                -0.13466965124336583,
                0.046518018337770084,
                -0.4432635029004908
            ],
            "6d": [
                1000,
                1000,
                1000,
                605.0,
                675.0,
                87.0
            ],
            "translation": [
                0.15094096891606257,
                -0.07006474863575399,
                -0.021848248881262022
            ],
            "rotation": [
                [
                    0.483228201677084,
                    -0.8754695943010489,
                    -0.006595040431077725
                ],
                [
                    -0.875491842897226,
                    -0.4831947311718402,
                    -0.006073284794318456
                ],
                [
                    0.0021302873867941334,
                    0.00870868659041702,
                    -0.9999598095191223
                ]
            ]
        },
        "2.7": {
            "12d": [
                -0.5638813932794079,
                -0.50185035914596,
                0,
                0,
                0,
                0,
                0,
                0,
                -1.1229209860557285,
                -0.13692857535857572,
                0.048798805087252484,
                -0.440381521642124
            ],
            "6d": [
                1000,
                1000,
                1000,
                610.0,
                680.0,
                87.0
            ],
            "translation": [
                0.151205110458781,
                -0.07010154773143715,
                -0.021862218307419377
            ],
            "rotation": [
                [
                    0.4866800327548735,
                    -0.8735614976416823,
                    -0.005731976599414601
                ],
                [
                    -0.8735787095765286,
                    -0.4866561363293025,
                    -0.005103248734139032
                ],
                [
                    0.0016685000216311299,
                    0.007490981982126212,
                    -0.9999705502146657
                ]
            ]
        },
        "2.8": {
            "12d": [
                -0.5573105104783549,
                -0.4947836483388358,
                0,
                0,
                0,
                0,
                0,
                0,
                -1.1229209860557285,
                -0.138907871181698,
                0.05079465838509323,
                -0.4378496876394468
            ],
            "6d": [
                1000,
                1000,
                1000,
                615.0,
                685.0,
                87.0
            ],
            "translation": [
                0.1514789329935205,
                -0.07011182095735469,
                -0.021874467198470707
            ],
            "rotation": [
                [
                    0.4893496709677737,
                    -0.872073226618889,
                    -0.0050186590092371475
                ],
                [
                    -0.8720867304776594,
                    -0.48933260695377867,
                    -0.00428185667733616
                ],
                [
                    0.0012782990721219025,
                    0.006472031082933138,
                    -0.9999782391458045
                ]
            ]
        },
        "2.9": {
            "12d": [
                -0.5507397763104769,
                -0.4876878718088621,
                0,
                0,
                0,
                0,
                0,
                0,
                -1.1229209860557285,
                -0.1411730877580692,
                0.053076764270925836,
                -0.43493852744310557
            ],
            "6d": [
                1000,
                1000,
                1000,
                620.0,
                690.0,
                87.0
            ],
            "translation": [
                0.15173943926146283,
                -0.0701396129622867,
                -0.02188850498752093
            ],
            "rotation": [
                [
                    0.49276202396918656,
                    -0.8701535410281909,
                    -0.004289844972988897
                ],
                [
                    -0.8701637170281462,
                    -0.4927510928804898,
                    -0.003386153103869248
                ],
                [
                    0.0008326473150677138,
                    0.005401435104102467,
                    -0.9999850654871125
                ]
            ]
        },
        "3.0": {
            "12d": [
                -0.5434388045895479,
                -0.4797689481815811,
                0,
                0,
                0,
                0,
                0,
                0,
                -1.1229209860557285,
                -0.14344171829066898,
                0.05536018929310871,
                -0.43201165551093285
            ],
            "6d": [
                1000,
                1000,
                1000,
                625.0,
                695.0,
                87.0
            ],
            "translation": [
                0.15203707016257698,
                -0.07014563477004784,
                -0.02190257759552274
            ],
            "rotation": [
                [
                    0.49591384356937346,
                    -0.868364217870505,
                    -0.0036117694273907217
                ],
                [
                    -0.8683716380865562,
                    -0.4959075987330998,
                    -0.0025202550748548718
                ],
                [
                    0.0003973954229952172,
                    0.00438618751500101,
                    -0.9999903016709518
                ]
            ]
        },
        "3.1": {
            "12d": [
                -0.5383278348779238,
                -0.4742035729522154,
                0,
                0,
                0,
                0,
                0,
                0,
                -1.1229209860557285,
                -0.14514545622589486,
                0.057073747412008324,
                -0.4298075234270413
            ],
            "6d": [
                1000,
                1000,
                1000,
                629.0,
                699.0,
                87.0
            ],
            "translation": [
                0.15223933118940297,
                -0.0701552929312902,
                -0.021913154739515467
            ],
            "rotation": [
                [
                    0.49839193016038025,
                    -0.8669461205366132,
                    -0.0031477035322191598
                ],
                [
                    -0.8669518317739553,
                    -0.4983883374673858,
                    -0.0018937952051034659
                ],
                [
                    7.303967589217256e-05,
                    0.0036727595907388813,
                    -0.9999932527283343
                ]
            ]
        },
        "3.2": {
            "12d": [
                -0.5346769145052698,
                -0.4702169849721982,
                0,
                0,
