{
    "Large_Diameter": {
        "0.0": {
            "16d": [
                [
                    0.0,
                    1.1,
                    0.5999999999999999,
                    0.49999999999999994
                ],
                [
                    0.0,
                    1.1,
                    0.5999999999999999,
                    0.49999999999999994
                ],
                [
                    0.0,
                    1.1,
                    0.5999999999999999,
                    0.49999999999999994
                ],
                [
                    1.496,
                    0.0,
                    0.45,
                    0.45
                ]
            ],
            "translation": [
                0.13041631353904895,
                0.025022551466032064,
                0.0973900066996718
            ],
            "rotation": [
                [
                    0.997179644180923,
                    0.06859310181488891,
                    -0.030458884001553672
                ],
                [
                    0.0038505367070067412,
                    0.35854643034897554,
                    0.9335039532059172
                ],
                [
                    0.07495285583802536,
                    -0.930988422950264,
                    0.35727108158134585
                ]
            ]
        },
        "0.1": {
            "16d": [
                [
                    0.0,
                    1.093,
                    0.5929999999999999,
                    0.49999999999999994
                ],
                [
                    0.0,
                    1.093,
                    0.5929999999999999,
                    0.49999999999999994
                ],
                [
                    0.0,
                    1.093,
                    0.5929999999999999,
                    0.49999999999999994
                ],
                [
                    1.496,
                    0.0,
                    0.443,
                    0.443
                ]
            ],
            "translation": [
                0.13093143071470809,
                0.02504508974821535,
                0.09764737511250501
            ],
            "rotation": [
                [
                    0.9953546177229307,
                    0.08966875935120917,
                    -0.035052796950505886
                ],
                [
                    0.004937548902477556,
                    0.3160618955674961,
                    0.9487257236847312
                ],
                [
                    0.09614991205650736,
                    -0.9444916049212382,
                    0.3141509233550488
                ]
            ]
        },
        "0.2": {
            "16d": [
                [
                    0.0,
                    1.086,
                    0.586,
                    0.49999999999999994
                ],
                [
                    0.0,
                    1.086,
                    0.586,
                    0.49999999999999994
                ],
                [
                    0.0,
                    1.086,
                    0.586,
                    0.49999999999999994
                ],
                [
                    1.496,
                    0.0,
                    0.436,
                    0.436
                ]
            ],
            "translation": [
                0.13143348392303156,
                0.02506694034180288,
                0.09790206123807793
            ],
            "rotation": [
                [
                    0.9935909343567705,
                    0.10671879083076379,
                    -0.037257950126914775
                ],
                [
                    0.0057947416635179515,
                    0.2810893424033949,
                    0.9596641092362891
                ],
                [
                    0.11288700604185174,
                    -0.9537294591606399,
                    0.278669414532812
                ]
            ]
        },
        "0.3": {
            "16d": [
                [
                    0.0,
                    1.079,
                    0.579,
                    0.49999999999999994
                ],
                [
                    0.0,
                    1.079,
                    0.579,
                    0.49999999999999994
                ],
                [
                    0.0,
                    1.079,
                    0.579,
                    0.49999999999999994
                ],
                [
                    1.496,
                    0.0,
                    0.429,
                    0.429
                ]
            ],
            "translation": [
                0.13192236322325057,
                0.025088096541272076,
                0.09815401845438235
            ],
            "rotation": [
                [
                    0.9919494737773905,
                    0.12076949537362724,
                    -0.03809160616143094
                ],
                [
                    0.006489304407320429,
                    0.2519271617469399,
                    0.967724441203404
                ],
                [
                    0.12646790265149202,
                    -0.960180938240981,
                    0.24911530550651065
                ]
            ]
        },
        "0.4": {
            "16d": [
                [
                    0.0,
                    1.072,
                    0.572,
                    0.49999999999999994
                ],
                [
                    0.0,
                    1.072,
                    0.572,
                    0.49999999999999994
                ],
                [
                    0.0,
                    1.072,
                    0.572,
                    0.49999999999999994
                ],
                [
                    1.496,
                    0.0,
                    0.422,
                    0.422
                ]
            ],
            "translation": [
                0.13239798135416386,
                0.025108555873030146,
                0.09840319731191466
            ],
            "rotation": [
                [
                    0.9904437041131875,
                    0.1325435298420025,
                    -0.03812455481144297
                ],
                [
                    0.007064715453522967,
                    0.22730927650393531,
                    0.9737969925045046
                ],
                [
                    0.13773655570729681,
                    -0.9647604394419786,
                    0.22420065947630716
                ]
            ]
        },
        "0.5": {
            "16d": [
                [
                    0.0,
                    1.065,
                    0.565,
                    0.49999999999999994
                ],
                [
                    0.0,
                    1.065,
                    0.565,
                    0.49999999999999994
                ],
                [
                    0.0,
                    1.065,
                    0.565,
                    0.49999999999999994
                ],
                [
                    1.496,
                    0.0,
                    0.415,
                    0.415
                ]
            ],
            "translation": [
                0.13286023496131602,
                0.02512831289070263,
                0.09864954927014205
            ],
            "rotation": [
                [
                    0.9890688546000402,
                    0.14255681121740468,
                    -0.037687616476631366
                ],
                [
                    0.0075502877007310775,
                    0.20629061666371376,
                    0.9784616367707735
                ],
                [
                    0.14726097248015374,
                    -0.9680504826981029,
                    0.20295927899992514
                ]
            ]
        },
        "0.6": {
            "16d": [
                [
                    0.0,
                    1.058,
                    0.5579999999999999,
                    0.49999999999999994
                ],
                [
                    0.0,
                    1.058,
                    0.5579999999999999,
                    0.49999999999999994
                ],
                [
                    0.0,
                    1.058,
                    0.5579999999999999,
                    0.49999999999999994
                ],
                [
                    1.496,
                    0.0,
                    0.40800000000000003,
                    0.40800000000000003
                ]
            ],
            "translation": [
                0.13330903582983142,
                0.025147363965856748,
                0.0988930251291554
            ],
            "rotation": [
                [
                    0.9878134466369536,
                    0.15118605718991088,
                    -0.036977976615700334
                ],
                [
                    0.007966367330935581,
                    0.1881590039254552,
                    0.9821062703360206
                ],
                [
                    0.15543851400078068,
                    -0.9704323600092638,
                    0.1846615905164893
                ]
            ]
        },
        "0.7": {
            "16d": [
                [
                    0.0,
                    1.051,
                    0.5509999999999999,
                    0.49999999999999994
                ],
                [
                    0.0,
                    1.051,
                    0.5509999999999999,
                    0.49999999999999994
                ],
                [
                    0.0,
                    1.051,
                    0.5509999999999999,
                    0.49999999999999994
                ],
                [
                    1.496,
                    0.0,
                    0.401,
                    0.401
                ]
            ],
            "translation": [
                0.13374428695314944,
                0.025165704702649908,
                0.09913357987999719
            ],
            "rotation": [
                [
                    0.9866643954764078,
                    0.15871048591607181,
                    -0.03611581868737177
                ],
                [
                    0.008327819551896218,
                    0.17237173382642165,
                    0.9849967679130648
                ],
                [
                    0.1625546619469457,
                    -0.9721620065801571,
                    0.1687513402653638
                ]
            ]
        },
        "0.8": {
            "16d": [
                [
                    0.0,
                    1.044,
                    0.5439999999999999,
                    0.49999999999999994
                ],
                [
                    0.0,
                    1.044,
                    0.5439999999999999,
                    0.49999999999999994
                ],
                [
                    0.0,
                    1.044,
                    0.5439999999999999,
                    0.49999999999999994
                ],
                [
                    1.496,
                    0.0,
                    0.394,
                    0.394
                ]
            ],
            "translation": [
                0.1341659066133007,
                0.02518333256788468,
                0.09937116321634694
            ],
            "rotation": [
                [
                    0.985609044649653,
                    0.16534060270496104,
                    -0.035175221420176886
                ],
                [
                    0.008645449502989719,
                    0.15851006196781697,
                    0.9873195108260799
                ],
                [
                    0.16881962950939533,
                    -0.9734151454298001,
                    0.15479950691197775
                ]
            ]
        },
        "0.9": {
            "16d": [
                [
                    0.0,
                    1.037,
                    0.5369999999999999,
                    0.49999999999999994
                ],
                [
                    0.0,
                    1.037,
                    0.5369999999999999,
                    0.49999999999999994
                ],
                [
                    0.0,
                    1.037,
                    0.5369999999999999,
                    0.49999999999999994
                ],
                [
                    1.496,
                    0.0,
                    0.387,
                    0.387
                ]
            ],
            "translation": [
                0.13457380391320076,
                0.025200241332875656,
                0.09960573121330668
            ],
            "rotation": [
                [
                    0.9846359322068448,
                    0.17123755041465122,
                    -0.034202080859906336
                ],
                [
                    0.008927212242657953,
                    0.14624662570294109,
                    0.9892078797462537
                ],
                [
                    0.1743914730963997,
                    -0.9743149520552858,
                    0.14247100867465645
                ]
            ]
        },
        "1.0": {
            "16d": [
                [
                    0.0,
                    1.03,
                    0.5029999999999999,
                    0.49999999999999994
                ],
                [
                    0.0,
                    1.03,
                    0.5029999999999999,
                    0.49999999999999994
                ],
                [
                    0.0,
                    1.03,
                    0.5029999999999999,
                    0.49999999999999994
                ],
                [
                    1.496,
                    0.0,
                    0.38,
                    0.38
                ]
            ],
            "translation": [
                0.1352192854509648,
                0.025261343746058994,
                0.10086593625740554
            ],
            "rotation": [
                [
                    0.9873252486585936,
                    0.1562110559408547,
                    -0.028052795994153508
                ],
                [
                    0.008106108840584297,
                    0.12689077276195057,
                    0.9918835732016837
                ],
                [
                    0.15850282130205454,
                    -0.9795390945693379,
                    0.12401619994811477
                ]
            ]
        },
        "1.1": {
            "16d": [
                [
                    0.0,
                    1.023,
                    0.5229999999999999,
                    0.49999999999999994
                ],
                [
                    0.0,
                    1.023,
                    0.5229999999999999,
                    0.49999999999999994
                ],
                [
                    0.0,
                    1.023,
                    0.5229999999999999,
                    0.49999999999999994
                ],
                [
                    1.496,
                    0.0,
                    0.373,
                    0.373
                ]
            ],
            "translation": [
                0.13534810086488233,
                0.025231893455894393,
                0.10006562956384775
            ],
            "rotation": [
                [
                    0.9828973056439154,
                    0.18130635673742135,
                    -0.032262851153211564
                ],
                [
                    0.009407354545542201,
                    0.12553192519427933,
                    0.9920449775274669
                ],
                [
                    0.1839140784126812,
                    -0.9753818435687742,
                    0.12167937786656122
                ]
            ]
        },
        "1.2": {
            "16d": [
                [
                    0.0,
                    1.016,
                    0.5159999999999999,
                    0.49999999999999994
                ],
                [
                    0.0,
                    1.016,
                    0.5159999999999999,
                    0.49999999999999994
                ],
                [
                    0.0,
                    1.016,
                    0.5159999999999999,
                    0.49999999999999994
                ],
                [
                    1.496,
                    0.0,
                    0.366,
                    0.366
                ]
            ],
            "translation": [
                0.13571434122324824,
                0.025246628186149773,
                0.10029086856585998
            ],
            "rotation": [
                [
                    0.9821153523663362,
                    0.1856560159901097,
                    -0.03132536309490094
                ],
                [
                    0.009614451653904035,
                    0.11670690861599553,
                    0.993119861749171
                ],
                [
                    0.1880345632210791,
                    -0.9756594391528112,
                    0.11283466588899091
                ]
            ]
        },
        "1.3": {
            "16d": [
                [
                    0.0,
                    1.009,
                    0.5089999999999999,
                    0.49999999999999994
                ],
                [
                    0.0,
                    1.009,
                    0.5089999999999999,
                    0.49999999999999994
                ],
                [
                    0.0,
                    1.009,
                    0.5089999999999999,
                    0.49999999999999994
                ],
                [
                    1.496,
                    0.0,
                    0.359,
                    0.359
                ]
            ],
            "translation": [
                0.13606653413762554,
                0.02526063226776132,
                0.1005129069623445
            ],
            "rotation": [
                [
                    0.9813826038459135,
                    0.1896388111380621,
                    -0.0304188457827908
                ],
                [
                    0.00980369131638123,
                    0.10871150726322495,
                    0.9940249975856397
                ],
                [
                    0.19181259735791056,
                    -0.975817057392778,
                    0.10482842169999457
                ]
            ]
        },
        "1.4": {
            "16d": [
                [
                    0.0,
                    1.005,
                    0.5049999999999999,
                    0.49999999999999994
                ],
                [
                    0.0,
                    1.005,
                    0.5049999999999999,
                    0.49999999999999994
                ],
                [
                    0.0,
                    1.005,
                    0.5049999999999999,
                    0.49999999999999994
                ],
                [
                    1.496,
                    0.0,
                    0.35500000000000004,
                    0.35500000000000004
                ]
            ],
            "translation": [
                0.13626145688614202,
                0.025268304376538764,
                0.10063833400771188
            ],
            "rotation": [
                [
                    0.9809837678613684,
                    0.19177033236081215,
                    -0.02991633030197171
                ],
                [
                    0.00990501247028153,
                    0.10447128554276817,
                    0.9944785775596199
                ],
                [
                    0.19383688482968509,
                    -0.975863663696556,
                    0.10058514779160176
                ]
            ]
        },
        "1.5": {
            "16d": [
                [
                    0.0,
                    1.0,
                    0.49999999999999994,
                    0.49999999999999994
                ],
                [
                    0.0,
                    1.0,
                    0.49999999999999994,
                    0.49999999999999994
                ],
                [
                    0.0,
                    1.0,
                    0.49999999999999994,
                    0.49999999999999994
                ],
                [
                    1.496,
                    0.0,
                    0.35,
                    0.35
                ]
            ],
            "translation": [
                0.13649860720166607,
                0.02527755703659655,
                0.10079361224392744
            ],
            "rotation": [
                [
                    0.9805038310245353,
                    0.19430257136569842,
                    -0.02930440422337824
                ],
                [
                    0.010025226300607322,
                    0.09947274430957356,
                    0.9949897828506299
                ],
                [
                    0.1962440627989318,
                    -0.975885077199257,
                    0.0955854796293299
                ]
            ]
        },
        "1.6": {
            "16d": [
                [
                    0.0,
                    1.0,
                    0.49999999999999994,
                    0.48999999999999994
                ],
                [
                    0.0,
                    1.0,
                    0.49999999999999994,
                    0.48999999999999994
                ],
                [
                    0.0,
                    1.0,
                    0.49999999999999994,
                    0.48999999999999994
                ],
                [
                    1.496,
                    0.0,
                    0.35,
                    0.35
                ]
            ],
            "translation": [
                0.13658648346351068,
                0.02528603533553076,
                0.10098781975922615
            ],
            "rotation": [
                [
                    0.9814789983631166,
                    0.1894554825469166,
                    -0.028383021422118397
                ],
                [
                    0.009772804746716972,
                    0.09845041477991756,
                    0.995093969490844
                ],
                [
                    0.1913203284011294,
                    -0.9769412141795315,
                    0.0947755030475008
                ]
            ]
        },
        "1.7": {
            "16d": [
                [
                    0.0,
                    1.0,
                    0.49999999999999994,
                    0.4799999999999999
                ],
                [
                    0.0,
                    1.0,
                    0.49999999999999994,
                    0.4799999999999999
                ],
                [
                    0.0,
                    1.0,
                    0.49999999999999994,
                    0.4799999999999999
                ],
                [
                    1.496,
                    0.0,
                    0.35,
                    0.35
                ]
            ],
            "translation": [
                0.13667240469297184,
                0.02529455289157481,
                0.10118288892673553
            ],
            "rotation": [
                [
                    0.9824030974833139,
                    0.18473870800176573,
                    -0.02749115896117673
                ],
                [
                    0.009527031214381476,
                    0.09743339101892104,
                    0.9951964479391966
                ],
                [
                    0.18652986284086134,
                    -0.9779459821894011,
                    0.09395885369765361
                ]
            ]
        },
        "1.8": {
            "16d": [
                [
                    0.0,
                    1.0,
                    0.49999999999999994,
                    0.4699999999999999
                ],
                [
                    0.0,
                    1.0,
                    0.49999999999999994,
                    0.4699999999999999
                ],
                [
                    0.0,
                    1.0,
                    0.49999999999999994,
                    0.4699999999999999
                ],
                [
                    1.496,
                    0.0,
                    0.35,
                    0.35
                ]
            ],
            "translation": [
                0.13675637303581686,
                0.025303106821353998,
                0.10137881260134896
            ],
            "rotation": [
                [
                    0.9832784967790076,
                    0.1801508255574438,
                    -0.02662851522309788
                ],
                [
                    0.00928808217805622,
                    0.0964220680416357,
                    0.995297199998085
                ],
                [
                    0.1818711887613565,
                    -0.978901662500144,
                    0.09313649044808052
                ]
            ]
        },
        "1.9": {
            "16d": [
                [
                    0.0,
                    1.0,
                    0.49999999999999994,
                    0.46
                ],
                [
                    0.0,
                    1.0,
                    0.49999999999999994,
                    0.46
                ],
                [
                    0.0,
                    1.0,
                    0.49999999999999994,
                    0.46
                ],
                [
                    1.496,
                    0.0,
                    0.35,
                    0.35
                ]
            ],
            "translation": [
                0.13683837365048884,
                0.025311697475045584,
                0.10157556177050481
            ],
            "rotation": [
                [
                    0.9841073401060205,
                    0.17569115091147247,
                    -0.025794624262730218
                ],
                [
                    0.009055913703455747,
                    0.09541675959637,
                    0.9953962188069253
                ],
                [
                    0.1773435467572722,
                    -0.97981031913301,
                    0.09230928958680418
                ]
            ]
        },
        "2.0": {
            "16d": [
                [
                    0.0,
                    1.0,
                    0.49999999999999994,
                    0.45
                ],
                [
                    0.0,
                    1.0,
                    0.49999999999999994,
                    0.45
                ],
                [
                    0.0,
                    1.0,
                    0.49999999999999994,
                    0.45
                ],
                [
                    1.496,
                    0.0,
                    0.35,
                    0.35
                ]
            ],
            "translation": [
                0.13691839670222128,
                0.025320322811190482,
                0.10177311860496345
            ],
            "rotation": [
                [
                    0.9848917521980279,
                    0.17135865423612157,
                    -0.024988958975583897
                ],
                [
                    0.00883044977574502,
                    0.0944178106838518,
                    0.9954934958011659
                ],
                [
                    0.1729458285390432,
                    -0.9806739971285328,
                    0.09147814901324915
                ]
            ]
        },
        "2.1": {
            "16d": [
                [
                    0.0,
                    1.0,
                    0.49999999999999994,
                    0.44000000000000006
                ],
                [
                    0.0,
                    1.0,
                    0.49999999999999994,
                    0.44000000000000006
                ],
                [
                    0.0,
                    1.0,
                    0.49999999999999994,
                    0.44000000000000006
                ],
                [
                    1.496,
                    0.0,
                    0.35,
                    0.35
                ]
            ],
            "translation": [
                0.13699643727363092,
                0.025328982516864287,
                0.1019714660130928
            ],
            "rotation": [
                [
                    0.9856338196909323,
                    0.16715205578295547,
                    -0.02421081842884057
                ],
                [
                    0.00861147877729965,
                    0.09342547726450881,
                    0.9955890330006486
                ],
                [
                    0.16867666084770191,
                    -0.9814947123879121,
                    0.09064388363170925
                ]
            ]
        },
        "2.2": {
            "16d": [
                [
                    0.0,
                    1.0,
                    0.49999999999999994,
                    0.43000000000000005
                ],
                [
                    0.0,
                    1.0,
                    0.49999999999999994,
                    0.43000000000000005
                ],
                [
                    0.0,
                    1.0,
                    0.49999999999999994,
                    0.43000000000000005
                ],
                [
                    1.496,
                    0.0,
                    0.35,
                    0.35
                ]
            ],
            "translation": [
                0.13707248687105567,
                0.025337676174834466,
                0.10217058149413892
            ],
            "rotation": [
                [
                    0.9863355138708073,
                    0.16307019114132063,
                    -0.023459898515203137
                ],
                [
                    0.008399177647217265,
                    0.0924400151400589,
                    0.9956828297283007
                ],
                [
                    0.1645348227338546,
                    -0.9822743793676179,
                    0.08980721433103357
                ]
            ]
        },
        "2.3": {
            "16d": [
                [
                    0.0,
                    1.0,
                    0.49999999999999994,
                    0.42000000000000004
                ],
                [
                    0.0,
                    1.0,
                    0.49999999999999994,
                    0.42000000000000004
                ],
                [
                    0.0,
                    1.0,
                    0.49999999999999994,
                    0.42000000000000004
                ],
                [
                    1.496,
                    0.0,
                    0.35,
                    0.35
                ]
            ],
            "translation": [
                0.1371465398618565,
                0.025346402682415087,
                0.10237044771805114
            ],
            "rotation": [
                [
                    0.9869987688907241,
                    0.15911170609387024,
                    -0.02273532916174221
                ],
                [
                    0.008193169041800702,
                    0.09146166888272433,
                    0.9957748917833986
                ],
                [
                    0.16051885306482655,
                    -0.9830148666775517,
                    0.08896892548338357
                ]
            ]
        },
        "2.4": {
            "16d": [
                [
                    0.0,
                    1.0,
                    0.49999999999999994,
                    0.41
                ],
                [
                    0.0,
                    1.0,
                    0.49999999999999994,
                    0.41
                ],
                [
                    0.0,
                    1.0,
                    0.49999999999999994,
                    0.41
                ],
                [
                    1.496,
                    0.0,
                    0.35,
                    0.35
                ]
            ],
            "translation": [
                0.13721858101704645,
                0.02535516047498419,
                0.10257103901012811
            ],
            "rotation": [
                [
                    0.9876253628985484,
                    0.1552756077827919,
                    -0.022036973185878366
                ],
                [
                    0.007993776197073739,
                    0.09049070350175475,
                    0.9958652178492172
                ],
                [
                    0.15662771817791907,
                    -0.9837179058080839,
                    0.08812967542738524
                ]
            ]
        },
        "2.5": {
            "16d": [
                [
                    0.0,
                    1.0,
                    0.49999999999999994,
                    0.4
                ],
                [
                    0.0,
                    1.0,
                    0.49999999999999994,
                    0.4
                ],
                [
                    0.0,
                    1.0,
                    0.49999999999999994,
                    0.4
                ],
                [
                    1.496,
                    0.0,
                    0.35,
                    0.35
                ]
            ],
            "translation": [
                0.1372886133466601,
                0.025363949634498166,
                0.10277234183266483
            ],
            "rotation": [
                [
                    0.9882171413740911,
                    0.15156011805735659,
                    -0.02136380370766893
                ],
                [
                    0.007800510495602228,
                    0.08952727135906668,
                    0.9959538240897559
                ],
                [
                    0.15285952221051743,
                    -0.9843852895576205,
                    0.0872901378858583
                ]
            ]
        },
        "2.6": {
            "16d": [
                [
                    0.0,
                    1.0,
                    0.49999999999999994,
                    0.39
                ],
                [
                    0.0,
                    1.0,
                    0.49999999999999994,
                    0.39
                ],
                [
                    0.0,
                    1.0,
                    0.49999999999999994,
                    0.39
                ],
                [
                    1.496,
                    0.0,
                    0.35,
                    0.35
                ]
            ],
            "translation": [
                0.13735662558541936,
                0.025372768529279832,
                0.10297433418409632
            ],
            "rotation": [
                [
                    0.9887757661154423,
                    0.14796400393439854,
                    -0.020715643425233826
                ],
                [
                    0.007613674560419441,
                    0.08857159197416768,
                    0.9960407145568143
                ],
                [
                    0.1492129897244478,
                    -0.9850186427854362,
                    0.08645089393770888
                ]
            ]
        },
        "2.7": {
            "16d": [
                [
                    0.0,
                    1.0,
                    0.49999999999999994,
                    0.38
                ],
                [
                    0.0,
                    1.0,
                    0.49999999999999994,
                    0.38
                ],
                [
                    0.0,
                    1.0,
                    0.49999999999999994,
                    0.38
                ],
                [
                    1.496,
                    0.0,
                    0.35,
                    0.35
                ]
            ],
            "translation": [
                0.13742260742172058,
                0.025381617077372798,
                0.103176994323628
            ],
            "rotation": [
                [
                    0.9893028517435891,
                    0.14448596358789617,
                    -0.020091636520685005
                ],
                [
                    0.007432899946167691,
                    0.08762380925281857,
                    0.9961259057219706
                ],
                [
                    0.14568671706917016,
                    -0.985619538350424,
                    0.08561253466347524
                ]
            ]
        },
        "2.8": {
            "16d": [
                [
                    0.0,
                    1.0,
                    0.49999999999999994,
                    0.37
                ],
                [
                    0.0,
                    1.0,
                    0.49999999999999994,
                    0.37
                ],
                [
                    0.0,
                    1.0,
                    0.49999999999999994,
                    0.37
                ],
                [
                    1.496,
                    0.0,
                    0.35,
                    0.35
                ]
            ],
            "translation": [
                0.1374865574250522,
                0.025390493915320795,
                0.10338030406439232
            ],
            "rotation": [
                [
                    0.9897999854770598,
                    0.14112432832804606,
                    -0.019491349454821293
                ],
                [
                    0.007258266053485909,
                    0.08668409072917203,
                    0.9962094087029861
                ],
                [
                    0.14227897358186456,
                    -0.9861895316664107,
                    0.08477559382320216
                ]
            ]
        },
        "2.9": {
            "16d": [
                [
                    0.0,
                    1.0,
                    0.49999999999999994,
                    0.35
                ],
                [
                    0.0,
                    1.0,
                    0.49999999999999994,
                    0.35
                ],
                [
                    0.0,
                    1.0,
